
0 1 0 2
1 1 1 2
2 4 0 0 -1 1 3 4 5 9
3 1 4 5
4 1 -3 2
5 6 -4 3 6 10 7 9 -9 6 -10 7 11 8
6 1 9 5
7 1 10 5
8 1 -11 5
9 3 -5 2 -7 5 8 10
10 5 -6 5 -8 9 -12 28 13 11 -21 17
11 3 -13 10 14 12 23 29
12 5 -14 11 15 13 -16 14 17 15 -19 16
13 1 -15 12
14 1 16 12
15 2 -17 12 18 16
16 4 -18 15 19 12 20 17 22 18
17 3 -20 16 21 10 -23 18
18 5 -22 16 23 17 24 19 -26 20 27 21
19 2 -24 18 25 20
20 2 -25 19 26 18
21 3 22 28 -27 18 -28 22
22 2 28 21 29 23
23 5 -29 22 30 26 -31 25 32 24 34 27
24 2 -32 23 -1 35
25 1 31 23
26 1 -30 23
27 2 -33 28 -34 23
28 3 12 10 -22 21 33 27
29 2 -23 11 24 30 31 32 33
30 1 -24 29
31 1 -24 29
32 1 -24 29
33 3 -24 29 25 34 -25 34
34 3 -25 33 25 33 -1 36
35 2 26 36 1 24
36 2 -26 35 1 34
